46 
1 5 33 30 24 23 4 
2 5 41 38 32 19 6 
3 4 25 15 6 5 
4 5 39 37 30 23 1 
5 5 38 25 15 6 3 
6 4 38 5 3 2 
7 3 27 25 15 
8 6 45 38 22 18 14 10 
9 5 43 40 38 32 14 
10 4 22 18 15 8 
11 3 46 44 42 
12 4 46 44 29 20 
13 5 35 31 29 28 16 
14 6 45 43 38 21 9 8 
15 7 38 25 18 10 7 5 3 
16 5 35 31 28 21 13 
17 4 35 34 26 21 
18 4 38 15 10 8 
19 4 41 33 24 2 
20 6 44 40 36 29 28 12 
21 8 45 43 35 34 31 17 16 14 
22 5 45 34 26 10 8 
23 5 42 39 30 4 1 
24 6 41 36 33 30 19 1 
25 5 27 15 7 5 3 
26 3 34 22 17 
27 2 25 7 
28 7 43 40 31 29 20 16 13 
29 5 46 28 20 13 12 
30 7 44 42 36 24 23 4 1 
31 5 43 28 21 16 13 
32 6 41 40 38 36 9 2 
33 3 24 19 1 
34 5 45 26 22 21 17 
35 4 21 17 16 13 
36 7 44 41 40 32 30 24 20 
37 2 39 4 
38 9 32 18 15 14 9 8 6 5 2 
39 3 37 23 4 
40 6 43 36 32 28 20 9 
41 5 36 32 24 19 2 
42 4 44 30 23 11 
43 6 40 31 28 21 14 9 
44 7 46 42 36 30 20 12 11 
45 5 34 22 21 14 8 
46 4 44 29 12 11 
